1.1	61.3
2	62
3	62.7
4	63.3
5	64
6	64.7
6.9	65.4
7.9	66.1
8.9	66.9
9.9	67.6
10.8	68.3
11.8	69
12.7	69.7
13.7	70.5
14.7	71.2
15.6	71.9
16.6	72.7
17.5	73.5
18.5	74.2
19.4	75
20.3	75.8
21.3	76.6
22.2	77.4
23.1	78.2
24	79.1
25	79.9
25.9	80.8
26.8	81.7
27.7	82.6
28.5	83.5
29.4	84.4
30.3	85.3
31.1	86.3
32	87.3
32.8	88.3
33.7	89.3
34.5	90.3
35.3	91.4
36.1	92.5
36.9	93.6
37.7	94.7
38.4	95.9
39.2	97.1
39.9	98.3
40.7	99.5
41.4	100.8
42.1	102.1
42.7	103.4
43.4	104.8
44	106.2
44.6	107.6
45.2	109.1
45.8	110.5
46.4	112.1
46.9	113.6
47.4	115.2
47.9	116.8
48.3	118.4
48.8	120.1
49.2	121.8
49.5	123.5
49.9	125.3
50.2	127.1
50.5	128.9
50.7	130.7
51	132.6
51.2	134.4
51.3	136.3
51.5	138.2
51.5	140.1
51.6	142
51.6	143.9
51.6	145.8
51.6	147.7
51.5	149.6
51.4	151.5
51.3	153.4
51.1	155.3
50.9	157.1
50.6	159
50.4	160.8
50.1	162.6
49.7	164.3
49.4	166.1
49	167.8
48.6	169.5
48.1	171.1
47.7	172.8
47.2	174.4
46.6	175.9
46.1	177.5
45.5	179
44.9	-179.6
44.3	-178.1
43.7	-176.7
43.1	-175.4
42.4	-174
41.7	-172.7
41	-171.4
40.3	-170.2
39.6	-168.9
38.8	-167.7
38.1	-166.6
37.3	-165.4
36.5	-164.3
35.7	-163.2
34.9	-162.1
34.1	-161.1
33.3	-160
32.5	-159
31.6	-158
30.7	-157.1
29.9	-156.1
29	-155.2
28.1	-154.3
27.2	-153.4
26.3	-152.5
25.4	-151.6
24.5	-150.7
23.6	-149.9
22.7	-149.1
21.8	-148.3
20.9	-147.5
19.9	-146.7
19	-145.9
18	-145.1
17.1	-144.3
16.1	-143.6
15.2	-142.8
14.2	-142.1
13.3	-141.3
12.3	-140.6
11.3	-139.9
10.4	-139.2
9.4	-138.5
8.4	-137.7
7.5	-137
6.5	-136.3
5.5	-135.6
4.5	-134.9
3.6	-134.3
2.6	-133.6
1.6	-132.9
0.6	-132.2
-0.3	-131.5
-1.3	-130.8
-2.3	-130.1
-3.3	-129.4
-4.3	-128.7
-5.2	-128
-6.2	-127.3
-7.2	-126.6
-8.2	-125.9
-9.1	-125.2
-10.1	-124.5
-11.1	-123.8
-12	-123.1
-13	-122.3
-13.9	-121.6
-14.9	-120.9
-15.9	-120.1
-16.8	-119.4
-17.8	-118.6
-18.7	-117.8
-19.6	-117
-20.6	-116.2
-21.5	-115.4
-22.4	-114.6
-23.4	-113.8
-24.3	-113
-25.2	-112.1
-26.1	-111.2
-27	-110.4
-27.9	-109.5
-28.7	-108.6
-29.6	-107.6
-30.5	-106.7
-31.3	-105.7
-32.2	-104.7
-33	-103.7
-33.9	-102.7
-34.7	-101.7
-35.5	-100.6
-36.3	-99.5
-37.1	-98.4
-37.9	-97.3
-38.6	-96.1
-39.4	-94.9
-40.1	-93.7
-40.8	-92.4
-41.5	-91.2
-42.2	-89.8
-42.9	-88.5
-43.5	-87.1
-44.2	-85.8
-44.8	-84.3
-45.4	-82.9
-45.9	-81.4
-46.5	-79.9
-47	-78.3
-47.5	-76.7
-48	-75.1
-48.4	-73.4
-48.9	-71.8
-49.3	-70.1
-49.6	-68.3
-50	-66.6
-50.3	-64.8
-50.6	-63
-50.8	-61.1
-51	-59.3
-51.2	-57.4
-51.4	-55.5
-51.5	-53.7
-51.6	-51.7
-51.6	-49.8
-51.6	-47.9
-51.6	-46
-51.6	-44.1
-51.5	-42.2
-51.4	-40.3
-51.2	-38.4
-51	-36.6
-50.8	-34.7
-50.6	-32.9
-50.3	-31.1
-50	-29.3
-49.7	-27.5
-49.3	-25.8
-48.9	-24.1
-48.5	-22.4
-48	-20.7
-47.5	-19.1
-47	-17.5
-46.5	-16
-46	-14.4
-45.4	-13
-44.8	-11.5
-44.2	-10.1
-43.6	-8.7
-42.9	-7.3
-42.3	-6
-41.6	-4.7
-40.9	-3.4
-40.2	-2.1
-39.4	-0.9
-38.7	0.3
-37.9	1.5
-37.1	2.6
-36.4	3.7
-35.6	4.8
-34.7	5.9
-33.9	6.9
-33.1	8
-32.3	9
-31.4	9.9
-30.5	10.9
-29.7	11.9
-28.8	12.8
-27.9	13.7
-27	14.6
-26.1	15.5
-25.2	16.4
-24.3	17.2
-23.4	18
-22.5	18.9
-21.6	19.7
-20.6	20.5
-19.7	21.3
-18.8	22.1
-17.8	22.8
-16.9	23.6
-15.9	24.4
-15	25.1
-14	25.9
-13	26.6
-12.1	27.3
-11.1	28
-10.1	28.8
-9.2	29.5
-8.2	30.2
-7.2	30.9
-6.2	31.6
-5.3	32.3
-4.3	33
-3.3	33.7
-2.3	34.4
-1.4	35.1
-0.4	35.8
0.6	36.4
1.6	37.1
2.6	37.8
3.5	38.5
4.5	39.2
5.5	39.9
6.5	40.6
7.4	41.3
8.4	42
9.4	42.7
10.4	43.4
11.3	44.2
12.3	44.9
13.3	45.6
14.2	46.4
15.2	47.1
16.1	47.8
17.1	48.6
18	49.4
19	50.1
19.9	50.9
20.8	51.7
21.8	52.5
22.7	53.4
23.6	54.2
24.5	55
25.4	55.9
26.3	56.8
27.2	57.6
28.1	58.5
29	59.5
29.9	60.4
30.7	61.3
31.6	62.3
32.4	63.3
33.3	64.3
34.1	65.3
34.9	66.4
35.7	67.5
36.5	68.6
37.3	69.7
38.1	70.8
38.8	72
39.6	73.2
40.3	74.4
41	75.7
41.7	77
42.4	78.3
43.1	79.6
43.7	81
44.3	82.4
44.9	83.9
45.5	85.3
46.1	86.8
46.6	88.4
47.2	89.9
47.7	91.5
48.1	93.1
48.6	94.8
49	96.5
49.4	98.2
49.7	100
50.1	101.7
50.4	103.5
50.6	105.3
50.9	107.2
51.1	109
51.3	110.9
51.4	112.8
51.5	114.7
51.6	116.6
51.6	118.5
51.6	120.4
51.6	122.3
51.5	124.2
51.5	126.1
51.3	128
51.2	129.9
51	131.7
50.8	133.6
50.5	135.4
50.2	137.2
49.9	139
49.5	140.8
49.2	142.5
48.8	144.2
48.3	145.9
47.9	147.5
47.4	149.1
46.9	150.7
46.4	152.2
45.8	153.8
45.2	155.2
44.6	156.7
44	158.1
43.4	159.5
42.7	160.9
42.1	162.2
41.4	163.5
40.7	164.8
39.9	166
39.2	167.2
38.5	168.4
37.7	169.5
36.9	170.7
36.1	171.8
35.3	172.9
34.5	173.9
33.7	175
32.9	176
32	177
31.2	178
30.3	178.9
29.4	179.9
28.6	-179.2
27.7	-178.3
26.8	-177.4
25.9	-176.5
25	-175.7
24.1	-174.8
23.1	-174
22.2	-173.1
21.3	-172.3
20.4	-171.5
19.4	-170.7
18.5	-170
17.5	-169.2
16.6	-168.4
15.6	-167.7
14.7	-166.9
13.7	-166.2
12.8	-165.5
11.8	-164.7
10.8	-164
9.9	-163.3
8.9	-162.6
7.9	-161.9
7	-161.2
6	-160.5
5	-159.8
4	-159.1
3.1	-158.4
2.1	-157.7
1.1	-157
0.1	-156.3
-0.9	-155.6
-1.8	-154.9
-2.8	-154.2
-3.8	-153.5
-4.8	-152.9
-5.7	-152.2
-6.7	-151.5
-7.7	-150.8
-8.7	-150.1
-9.6	-149.3
-10.6	-148.6
-11.6	-147.9
-12.5	-147.2
-13.5	-146.5
-14.4	-145.7
-15.4	-145
-16.4	-144.2
-17.3	-143.5
-18.2	-142.7
-19.2	-141.9
-20.1	-141.1
-21.1	-140.3
-22	-139.5
-22.9	-138.7
-23.8	-137.9
-24.7	-137
-25.6	-136.2
-26.5	-135.3
-27.4	-134.4
-28.3	-133.5
-29.2	-132.6
-30.1	-131.6
-30.9	-130.7
-31.8	-129.7
-32.6	-128.7
-33.5	-127.7
-34.3	-126.7
-35.1	-125.6
-35.9	-124.5
-36.7	-123.4
-37.5	-122.3
-38.3	-121.1
-39	-120
-39.7	-118.8
-40.5	-117.5
-41.2	-116.3
-41.9	-115
-42.6	-113.7
-43.2	-112.3
-43.9	-110.9
-44.5	-109.5
-45.1	-108.1
-45.7	-106.6
-46.2	-105.1
-46.8	-103.5
-47.3	-102
-47.8	-100.4
-48.2	-98.7
-48.7	-97.1
-49.1	-95.4
-49.5	-93.7
-49.8	-91.9
-50.1	-90.1
-50.4	-88.3
-50.7	-86.5
-50.9	-84.7
-51.1	-82.8
-51.3	-80.9
-51.4	-79.1
-51.5	-77.2
-51.6	-75.3
-51.6	-73.3
-51.6	-71.4
-51.6	-69.5
-51.5	-67.6
-51.4	-65.7
-51.3	-63.8
-51.1	-62
-50.9	-60.1
-50.7	-58.3
-50.4	-56.4
-50.1	-54.6
-49.8	-52.9
-49.5	-51.1
-49.1	-49.4
-48.7	-47.7
-48.2	-46
-47.8	-44.4
-47.3	-42.8
-46.8	-41.2
-46.2	-39.7
-45.7	-38.2
-45.1	-36.7
-44.5	-35.2
-43.9	-33.8
-43.2	-32.4
-42.6	-31.1
-41.9	-29.8
-41.2	-28.5
-40.5	-27.2
-39.8	-26
-39	-24.8
-38.3	-23.6
-37.5	-22.4
-36.7	-21.3
-35.9	-20.2
-35.1	-19.1
-34.3	-18.1
-33.5	-17
-32.7	-16
-31.8	-15
-31	-14
-30.1	-13.1
-29.2	-12.1
-28.3	-11.2
-27.5	-10.3
-26.6	-9.4
-25.7	-8.6
-24.8	-7.7
-23.8	-6.8
-22.9	-6
-22	-5.2
-21.1	-4.4
-20.1	-3.6
-19.2	-2.8
-18.3	-2
-17.3	-1.2
-16.4	-0.5
-15.4	0.3
-14.5	1
-13.5	1.7
-12.5	2.5
-11.6	3.2
-10.6	3.9
-9.6	4.6
-8.7	5.4
-7.7	6.1
-6.7	6.8
-5.7	7.5
-4.8	8.2
-3.8	8.9
-2.8	9.5
-1.8	10.2
-0.8	10.9
0.1	11.6
1.1	12.3
2.1	13
3.1	13.7
4	14.4
5	15.1
6	15.8
7	16.5
7.9	17.2
8.9	17.9
9.9	18.6
10.9	19.3
11.8	20
12.8	20.8
13.8	21.5
14.7	22.2
15.7	23
16.6	23.7
17.6	24.5
18.5	25.3
19.5	26.1
20.4	26.9
21.3	27.7
22.2	28.5
23.2	29.3
24.1	30.1
25	31
25.9	31.8
26.8	32.7
27.7	33.6
28.6	34.5
29.5	35.5
30.3	36.4
31.2	37.4
32	38.3
32.9	39.3
33.7	40.4
34.5	41.4
35.3	42.5
36.1	43.6
36.9	44.7
37.7	45.8
38.5	47
39.2	48.1
40	49.4
40.7	50.6
41.4	51.9
42.1	53.2
42.8	54.5
43.4	55.9
44	57.3
44.7	58.7
45.3	60.1
45.8	61.6
46.4	63.1
46.9	64.7
47.4	66.3
47.9	67.9
48.4	69.5
48.8	71.2
49.2	72.9
49.6	74.6
49.9	76.4
50.2	78.2
50.5	80
50.8	81.8
51	83.6
51.2	85.5
51.3	87.4
51.5	89.3
51.6	91.2
51.6	93.1
51.6	95
51.6	96.9
51.6	98.8
51.5	100.7
51.4	102.6
51.2	104.5
51.1	106.4
50.9	108.2
50.6	110.1
50.4	111.9
50	113.7
49.7	115.4
49.4	117.2
49	118.9
48.5	120.6
48.1	122.2
47.6	123.9
47.1	125.4
46.6	127
46.1	128.5
45.5	130
44.9	131.5
44.3	132.9
43.7	134.3
43	135.7
42.4	137.1
41.7	138.4
41	139.7
40.3	140.9
39.6	142.1
38.8	143.3
38.1	144.5
37.3	145.7
36.5	146.8
35.7	147.9
34.9	148.9
34.1	150
33.3	151
32.4	152
31.6	153
30.7	154
29.8	154.9
29	155.9
28.1	156.8
27.2	157.7
26.3	158.6
25.4	159.4
24.5	160.3
23.6	161.1
22.7	162
21.7	162.8
20.8	163.6
19.9	164.4
18.9	165.2
18	166
17.1	166.7
16.1	167.5
15.2	168.2
14.2	169
13.2	169.7
12.3	170.4
11.3	171.2
10.3	171.9
9.4	172.6
8.4	173.3
7.4	174
6.5	174.7
5.5	175.4
4.5	176.1
3.5	176.8
2.6	177.5
1.6	178.2
0.6	178.9
-0.4	179.6
-1.4	-179.8
-2.3	-179.1
-3.3	-178.4
-4.3	-177.7
-5.3	-177
-6.2	-176.3
-7.2	-175.6
-8.2	-174.9
-9.2	-174.2
-10.1	-173.5
-11.1	-172.7
-12.1	-172
-13	-171.3
-14	-170.6
-14.9	-169.8
-15.9	-169.1
-16.8	-168.3
-17.8	-167.6
-18.7	-166.8
-19.7	-166
-20.6	-165.2
-21.5	-164.4
-22.5	-163.6
-23.4	-162.8
-24.3	-161.9
-25.2	-161.1
-26.1	-160.2
-27	-159.3
-27.9	-158.4
-28.8	-157.5
-29.7	-156.6
-30.5	-155.6
-31.4	-154.7
-32.2	-153.7
-33.1	-152.7
-33.9	-151.7
-34.7	-150.6
-35.5	-149.5
-36.3	-148.4
-37.1	-147.3
-37.9	-146.2
-38.7	-145
-39.4	-143.8
-40.1	-142.6
-40.8	-141.4
-41.5	-140.1
-42.2	-138.8
-42.9	-137.4
-43.6	-136.1
-44.2	-134.7
-44.8	-133.3
-45.4	-131.8
-46	-130.3
-46.5	-128.8
-47	-127.2
-47.5	-125.6
-48	-124
-48.5	-122.4
-48.9	-120.7
-49.3	-119
-49.6	-117.2
-50	-115.5
-50.3	-113.7
-50.6	-111.9
-50.8	-110.1
-51	-108.2
-51.2	-106.3
-51.4	-104.5
-51.5	-102.6
-51.6	-100.7
-51.6	-98.7
-51.6	-96.8
-51.6	-94.9
-51.6	-93
-51.5	-91.1
-51.4	-89.2
-51.2	-87.3
-51	-85.5
-50.8	-83.6
-50.6	-81.8
-50.3	-80
-50	-78.2
-49.6	-76.4
-49.3	-74.7
-48.9	-73
-48.5	-71.3
-48	-69.7
-47.5	-68
-47	-66.5
-46.5	-64.9
-46	-63.4
-45.4	-61.9
-44.8	-60.4
-44.2	-59
-43.5	-57.6
-42.9	-56.2
-42.2	-54.9
-41.5	-53.6
-40.8	-52.3
-40.1	-51.1
-39.4	-49.8
-38.6	-48.6
-37.9	-47.5
-37.1	-46.3
-36.3	-45.2
-35.5	-44.1
-34.7	-43.1
-33.9	-42
-33.1	-41
-32.2	-40
-31.4	-39
-30.5	-38
-29.6	-37.1
-28.8	-36.2
-27.9	-35.2
-27	-34.3
-26.1	-33.5
-25.2	-32.6
-24.3	-31.7
-23.4	-30.9
-22.4	-30.1
-21.5	-29.3
-20.6	-28.5
-19.7	-27.7
-18.7	-26.9
-17.8	-26.1
-16.8	-25.3
-15.9	-24.6
-14.9	-23.8
-14	-23.1
-13	-22.4
-12	-21.6
-11.1	-20.9
-10.1	-20.2
-9.1	-19.5
-8.2	-18.8
-7.2	-18.1
-6.2	-17.4
-5.2	-16.7
-4.3	-16
-3.3	-15.3
-2.3	-14.6
-1.3	-13.9
-0.3	-13.2
0.6	-12.5
1.6	-11.8
2.6	-11.1
3.6	-10.4
4.6	-9.7
5.5	-9
6.5	-8.3
7.5	-7.6
8.5	-6.9
9.4	-6.2
10.4	-5.5
11.4	-4.8
12.3	-4.1
13.3	-3.3
14.3	-2.6
15.2	-1.9
16.2	-1.1
17.1	-0.4
18.1	0.4
19	1.2
19.9	2
20.9	2.8
21.8	3.6
22.7	4.4
23.7	5.2
24.6	6.1
25.5	6.9
26.4	7.8
27.3	8.7
28.2	9.6
29	10.5
29.9	11.4
30.8	12.4
31.6	13.4
32.5	14.4
33.3	15.4
34.1	16.4
35	17.5
35.8	18.5
36.6	19.6
37.3	20.8
38.1	21.9
38.9	23.1
39.6	24.3
40.3	25.5
41.1	26.8
41.8	28.1
42.4	29.4
43.1	30.7
43.7	32.1
44.4	33.5
45	34.9
45.6	36.4
46.1	37.9
46.7	39.4
47.2	41
47.7	42.6
48.1	44.2
48.6	45.9
49	47.6
49.4	49.3
49.7	51
50.1	52.8
50.4	54.6
50.6	56.4
50.9	58.3
51.1	60.1
51.3	62
51.4	63.9
51.5	65.8
51.6	67.7
51.6	69.6
51.6	71.5
51.6	73.4
51.5	75.3
51.4	77.2
51.3	79.1
51.2	81
51	82.8
50.7	84.7
50.5	86.5
50.2	88.3
49.9	90.1
49.5	91.9
49.2	93.6
48.7	95.3
48.3	96.9
47.9	98.6
47.4	100.2
46.9	101.8
46.3	103.3
45.8	104.8
45.2	106.3
44.6	107.8
44	109.2
43.4	110.6
42.7	111.9
42	113.3
41.3	114.6
40.6	115.8
39.9	117.1
39.2	118.3
38.4	119.5
37.7	120.6
36.9	121.7
36.1	122.9
35.3	123.9
34.5	125
33.7	126
32.8	127.1
32	128.1
31.1	129
30.3	130
29.4	130.9
28.5	131.9
27.6	132.8
26.7	133.7
25.8	134.5
24.9	135.4
24	136.2
23.1	137.1
22.2	137.9
21.3	138.7
20.3	139.5
19.4	140.3
18.5	141.1
17.5	141.9
16.6	142.6
15.6	143.4
14.7	144.1
13.7	144.9
12.7	145.6
11.8	146.3
10.8	147
9.8	147.8
8.9	148.5
7.9	149.2
6.9	149.9
5.9	150.6
5	151.3
4	152
3	152.7
2	153.4
1.1	154
0.1	154.7
-0.9	155.4
-1.9	156.1
-2.9	156.8
-3.8	157.5
-4.8	158.2
-5.8	158.9
-6.8	159.6
-7.7	160.3
-8.7	161
-9.7	161.7
-10.6	162.4
-11.6	163.1
-12.6	163.9
-13.5	164.6
-14.5	165.3
-15.4	166.1
-16.4	166.8
-17.3	167.6
-18.3	168.4
-19.2	169.1
-20.2	169.9
-21.1	170.7
-22	171.5
-23	172.4
-23.9	173.2
-24.8	174
-25.7	174.9
-26.6	175.8
-27.5	176.7
-28.4	177.6
-29.2	178.5
-30.1	179.4
-31	-179.6
-31.8	-178.6
-32.7	-177.7
-33.5	-176.6
-34.3	-175.6
-35.1	-174.5
-36	-173.5
-36.7	-172.4
-37.5	-171.2
-38.3	-170.1
-39	-168.9
-39.8	-167.7
-40.5	-166.5
-41.2	-165.2
-41.9	-163.9
-42.6	-162.6
-43.2	-161.2
-43.9	-159.8
-44.5	-158.4
-45.1	-157
-45.7	-155.5
-46.2	-154
-46.8	-152.5
-47.3	-150.9
-47.8	-149.3
-48.2	-147.6
-48.7	-146
-49.1	-144.3
-49.5	-142.6
-49.8	-140.8
-50.1	-139
-50.4	-137.2
-50.7	-135.4
-50.9	-133.6
-51.1	-131.7
-51.3	-129.8
-51.4	-128
-51.5	-126.1
-51.6	-124.2
-51.6	-122.2
-51.6	-120.3
-51.6	-118.4
-51.5	-116.5
-51.4	-114.6
-51.3	-112.7
-51.1	-110.9
-50.9	-109
-50.7	-107.2
-50.4	-105.3
-50.1	-103.5
-49.8	-101.8
-49.4	-100
-49.1	-98.3
-48.7	-96.6
-48.2	-94.9
-47.8	-93.3
-47.3	-91.7
-46.8	-90.1
-46.2	-88.6
-45.7	-87.1
-45.1	-85.6
-44.5	-84.2
-43.8	-82.7
-43.2	-81.4
-42.5	-80
-41.9	-78.7
-41.2	-77.4
-40.5	-76.1
-39.7	-74.9
-39	-73.7
-38.2	-72.5
-37.5	-71.4
-36.7	-70.2
-35.9	-69.1
-35.1	-68.1
-34.3	-67
-33.5	-66
-32.6	-65
-31.8	-64
-30.9	-63
-30.1	-62
-29.2	-61.1
-28.3	-60.2
-27.4	-59.3
-26.5	-58.4
-25.6	-57.5
-24.7	-56.6
-23.8	-55.8
-22.9	-55
-22	-54.1
-21	-53.3
-20.1	-52.5
-19.2	-51.7
-18.2	-51
-17.3	-50.2
-16.3	-49.4
-15.4	-48.7
-14.4	-47.9
-13.5	-47.2
-12.5	-46.5
-11.5	-45.7
-10.6	-45
-9.6	-44.3
-8.6	-43.6
-7.6	-42.9
-6.7	-42.2
-5.7	-41.5
-4.7	-40.8
-3.7	-40.1
-2.8	-39.4
-1.8	-38.7
-0.8	-38
0.2	-37.3
1.2	-36.6
2.1	-36
3.1	-35.3
4.1	-34.6
5.1	-33.9
6	-33.2
7	-32.5
8	-31.8
9	-31.1
9.9	-30.3
10.9	-29.6
11.9	-28.9
12.8	-28.2
13.8	-27.4
14.8	-26.7
15.7	-26
16.7	-25.2
17.6	-24.4
18.6	-23.7
19.5	-22.9
20.4	-22.1
21.4	-21.3
22.3	-20.5
23.2	-19.7
24.1	-18.8
25	-18
25.9	-17.1
26.8	-16.2
27.7	-15.3
28.6	-14.4
29.5	-13.5
30.4	-12.5
31.2	-11.6
32.1	-10.6
32.9	-9.6
33.8	-8.6
34.6	-7.5
35.4	-6.5
36.2	-5.4
37	-4.3
37.8	-3.1
38.5	-2
39.3	-0.8
40	0.4
40.7	1.7
41.4	2.9
42.1	4.3
42.8	5.6
43.4	6.9
44.1	8.3
44.7	9.8
45.3	11.2
45.9	12.7
46.4	14.2
46.9	15.8
47.4	17.4
47.9	19
48.4	20.6
48.8	22.3
49.2	24
49.6	25.7
49.9	27.5
50.2	29.3
50.5	31.1
50.8	32.9
51	34.7
51.2	36.6
51.3	38.5
51.5	40.4
51.6	42.3
51.6	44.2
51.6	46.1
51.6	48
51.6	49.9
51.5	51.8
51.4	53.7
51.2	55.6
51.1	57.5
50.9	59.3
50.6	61.2
50.3	63
50	64.8
49.7	66.5
49.3	68.3
48.9	70
48.5	71.7
48.1	73.3
47.6	74.9
47.1	76.5
46.6	78.1
46	79.6
45.5	81.1
44.9	82.6
44.3	84
43.7	85.4
43	86.8
42.3	88.1
41.7	89.4
41	90.7
40.3	92
39.5	93.2
38.8	94.4
38	95.6
37.2	96.7
36.5	97.8
35.7	98.9
34.9	100
34	101.1
33.2	102.1
32.4	103.1
31.5	104.1
30.7	105.1
29.8	106
28.9	106.9
28.1	107.8
27.2	108.7
26.3	109.6
25.4	110.5
24.5	111.4
23.5	112.2
22.6	113
21.7	113.8
20.8	114.6
19.8	115.4
18.9	116.2
18	117
17	117.8
16.1	118.5
15.1	119.3
14.1	120
13.2	120.8
12.2	121.5
11.3	122.2
10.3	122.9
9.3	123.6
8.4	124.3
7.4	125
6.4	125.7
5.4	126.4
4.5	127.1
3.5	127.8
2.5	128.5
1.5	129.2
0.5	129.9
-0.4	130.6
-1.4	131.3
-2.4	132
-3.4	132.7
-4.3	133.4
-5.3	134.1
-6.3	134.8
-7.3	135.5
-8.2	136.2
-9.2	136.9
-10.2	137.6
-11.1	138.3
-12.1	139
-13.1	139.8
-14	140.5
-15	141.2
-15.9	142
-16.9	142.7
-17.8	143.5
-18.8	144.3
-19.7	145.1
-20.7	145.8
-21.6	146.7
-22.5	147.5
-23.4	148.3
-24.3	149.1
-25.3	150
-26.2	150.9
-27.1	151.7
-27.9	152.6
-28.8	153.5
-29.7	154.5
-30.6	155.4
-31.4	156.4
-32.3	157.4
-33.1	158.4
-33.9	159.4
-34.8	160.5
-35.6	161.5
-36.4	162.6
-37.2	163.7
-37.9	164.9
-38.7	166
-39.4	167.2
-40.2	168.5
-40.9	169.7
-41.6	171
-42.3	172.3
-42.9	173.6
-43.6	175
-44.2	176.4
-44.8	177.8
-45.4	179.3
-46	-179.2
-46.5	-177.7
-47.1	-176.1
-47.6	-174.5
-48	-172.9
-48.5	-171.3
-48.9	-169.6
-49.3	-167.9
-49.7	-166.1
-50	-164.4
-50.3	-162.6
-50.6	-160.8
-50.8	-158.9
-51	-157.1
-51.2	-155.2
-51.4	-153.3
-51.5	-151.5
-51.6	-149.5
-51.6	-147.6
-51.6	-145.7
-51.6	-143.8
-51.6	-141.9
-51.5	-140
-51.4	-138.1
-51.2	-136.2
-51	-134.4
-50.8	-132.5
-50.6	-130.7
-50.3	-128.9
-50	-127.1
-49.6	-125.3
-49.3	-123.6
-48.9	-121.9
-48.4	-120.2
-48	-118.6
-47.5	-116.9
-47	-115.4
-46.5	-113.8
-45.9	-112.3
-45.4	-110.8
-44.8	-109.3
-44.1	-107.9
-43.5	-106.5
-42.9	-105.1
-42.2	-103.8
-41.5	-102.5
-40.8	-101.2
-40.1	-100
-39.4	-98.8
-38.6	-97.6
-37.8	-96.4
-37.1	-95.3
-36.3	-94.2
-35.5	-93.1
-34.7	-92
-33.8	-90.9
-33	-89.9
-32.2	-88.9
-31.3	-87.9
-30.5	-87
-29.6	-86
-28.7	-85.1
-27.8	-84.2
-26.9	-83.3
-26	-82.4
-25.1	-81.5
-24.2	-80.7
-23.3	-79.8
-22.4	-79
-21.5	-78.2
-20.5	-77.4
-19.6	-76.6
-18.7	-75.8
-17.7	-75.1
-16.8	-74.3
-15.8	-73.5
-14.9	-72.8
-13.9	-72
-12.9	-71.3
-12	-70.6
-11	-69.9
-10	-69.1
-9.1	-68.4
-8.1	-67.7
-7.1	-67
-6.2	-66.3
-5.2	-65.6
-4.2	-64.9
-3.2	-64.2
-2.2	-63.5
-1.3	-62.8
-0.3	-62.2
0.7	-61.5
1.7	-60.8
2.7	-60.1
3.6	-59.4
4.6	-58.7
5.6	-58
6.6	-57.3
7.5	-56.6
8.5	-55.9
9.5	-55.2
10.4	-54.5
11.4	-53.7
12.4	-53
13.3	-52.3
14.3	-51.6
15.3	-50.8
16.2	-50.1
17.2	-49.3
18.1	-48.5
19.1	-47.8
20	-47
20.9	-46.2
21.9	-45.4
22.8	-44.5
23.7	-43.7
24.6	-42.9
25.5	-42
26.4	-41.1
27.3	-40.2
28.2	-39.3
29.1	-38.4
30	-37.5
30.8	-36.5
31.7	-35.6
32.5	-34.6
33.4	-33.6
34.2	-32.5
35	-31.5
35.8	-30.4
36.6	-29.3
37.4	-28.2
38.2	-27
38.9	-25.8
39.7	-24.6
40.4	-23.4
41.1	-22.2
41.8	-20.9
42.5	-19.5
43.1	-18.2
43.8	-16.8
44.4	-15.4
45	-14
45.6	-12.5
46.2	-11
46.7	-9.5
47.2	-7.9
47.7	-6.3
48.2	-4.7
48.6	-3
49	-1.3
49.4	0.4
49.8	2.1
50.1	3.9
50.4	5.7
50.7	7.5
50.9	9.4
51.1	11.2
51.3	13.1
51.4	15
51.5	16.9
51.6	18.8
51.6	20.7
51.6	22.6
51.6	24.5
51.5	26.4
51.4	28.3
51.3	30.2
51.2	32.1
51	34
50.7	35.8
50.5	37.6
50.2	39.4
49.9	41.2
49.5	43
49.1	44.7
48.7	46.4
48.3	48
47.8	49.7
47.4	51.3
46.8	52.9
46.3	54.4
45.8	55.9
45.2	57.4
44.6	58.9
44	60.3
43.3	61.7
42.7	63
42	64.3
41.3	65.6
40.6	66.9
39.9	68.1
39.1	69.3
38.4	70.5
37.6	71.7
36.8	72.8
36	73.9
35.2	75
34.4	76.1
33.6	77.1
32.8	78.1
31.9	79.1
31.1	80.1
30.2	81.1
29.3	82
28.5	82.9
27.6	83.8
26.7	84.7
25.8	85.6
24.9	86.5
24	87.3
23.1	88.1
22.1	89
21.2	89.8
20.3	90.6
19.3	91.4
18.4	92.1
17.5	92.9
16.5	93.7
15.6	94.4
14.6	95.2
13.6	95.9
12.7	96.6
11.7	97.4
10.8	98.1
9.8	98.8
8.8	99.5
7.8	100.2
6.9	100.9
5.9	101.6
4.9	102.3
3.9	103
3	103.7
2	104.4
1	105.1
0	105.8
-0.9	106.5
-1.9	107.2
-2.9	107.8
-3.9	108.5
-4.9	109.2
-5.8	109.9
-6.8	110.6
-7.8	111.3
-8.7	112
-9.7	112.8
-10.7	113.5
-11.7	114.2
-12.6	114.9
-13.6	115.6
-14.5	116.4
-15.5	117.1
-16.4	117.9
-17.4	118.6
-18.3	119.4
-19.3	120.2
-20.2	121
-21.1	121.8
-22.1	122.6
-23	123.4
-23.9	124.2
-24.8	125.1
-25.7	125.9
-26.6	126.8
-27.5	127.7
-28.4	128.6
-29.3	129.5
-30.2	130.5
-31	131.4
-31.9	132.4
-32.7	133.4
-33.5	134.4
-34.4	135.5
-35.2	136.5
-36	137.6
-36.8	138.7
-37.6	139.8
-38.3	141
-39.1	142.2
-39.8	143.4
-40.5	144.6
-41.3	145.9
-41.9	147.2
-42.6	148.5
-43.3	149.9
-43.9	151.2
-44.5	152.7
-45.1	154.1
-45.7	155.6
-46.3	157.1
-46.8	158.6
-47.3	160.2
-47.8	161.8
-48.3	163.4
-48.7	165.1
-49.1	166.8
-49.5	168.5
-49.8	170.3
-50.2	172.1
-50.4	173.9
-50.7	175.7
-50.9	177.5
-51.1	179.4
-51.3	-178.7
-51.4	-176.8
-51.5	-175
-51.6	-173
-51.6	-171.1
-51.6	-169.2
-51.6	-167.3
-51.5	-165.4
-51.4	-163.5
-51.3	-161.6
-51.1	-159.8
-50.9	-157.9
-50.7	-156.1
-50.4	-154.2
-50.1	-152.4
-49.8	-150.7
-49.4	-148.9
-49	-147.2
-48.6	-145.5
-48.2	-143.8
-47.7	-142.2
-47.2	-140.6
-46.7	-139
-46.2	-137.5
-45.6	-136
-45	-134.5
-44.4	-133.1
-43.8	-131.7
-43.2	-130.3
-42.5	-128.9
-41.8	-127.6
-41.1	-126.3
-40.4	-125.1
-39.7	-123.8
-39	-122.6
-38.2	-121.5
-37.4	-120.3
-36.7	-119.2
-35.9	-118.1
-35.1	-117
-34.2	-115.9
-33.4	-114.9
-32.6	-113.9
-31.7	-112.9
-30.9	-111.9
-30	-111
-29.1	-110
-28.3	-109.1
-27.4	-108.2
-26.5	-107.3
-25.6	-106.4
-24.7	-105.6
-23.8	-104.7
-22.8	-103.9
-21.9	-103.1
-21	-102.3
-20	-101.5
-19.1	-100.7
-18.2	-99.9
-17.2	-99.1
-16.3	-98.4
-15.3	-97.6
-14.4	-96.9
-13.4	-96.2
-12.4	-95.4
-11.5	-94.7
-10.5	-94
-9.5	-93.3
-8.6	-92.6
-7.6	-91.8
-6.6	-91.1
-5.6	-90.4
-4.7	-89.8
-3.7	-89.1
-2.7	-88.4
-1.7	-87.7
-0.8	-87
0.2	-86.3
1.2	-85.6
2.2	-84.9
3.2	-84.2
4.1	-83.5
5.1	-82.8
6.1	-82.1
7.1	-81.4
8	-80.7
9	-80
10	-79.3
11	-78.6
11.9	-77.9
12.9	-77.1
13.8	-76.4
14.8	-75.7
15.8	-74.9
16.7	-74.2
17.7	-73.4
18.6	-72.6
19.5	-71.8
20.5	-71
21.4	-70.2
22.3	-69.4
23.3	-68.6
24.2	-67.8
25.1	-66.9
26	-66
26.9	-65.2
27.8	-64.3
28.7	-63.4
29.5	-62.4
30.4	-61.5
31.3	-60.5
32.1	-59.5
33	-58.5
33.8	-57.5
34.6	-56.5
35.4	-55.4
36.2	-54.3
37	-53.2
37.8	-52.1
38.6	-50.9
39.3	-49.7
40	-48.5
40.8	-47.3
41.5	-46
42.1	-44.7
42.8	-43.3
43.5	-42
44.1	-40.6
44.7	-39.2
45.3	-37.7
45.9	-36.2
46.4	-34.7
47	-33.1
47.5	-31.6
47.9	-29.9
48.4	-28.3
48.8	-26.6
49.2	-24.9
49.6	-23.2
49.9	-21.4
50.2	-19.6
50.5	-17.8
50.8	-16
51	-14.2
51.2	-12.3
51.3	-10.4
51.5	-8.5
51.6	-6.6
51.6	-4.7
51.6	-2.8
51.6	-0.9
51.6	1
51.5	2.9
51.4	4.8
51.2	6.7
51.1	8.6
50.8	10.4
50.6	12.3
50.3	14.1
50	15.9
49.7	17.6
49.3	19.4
48.9	21.1
48.5	22.8
48.1	24.4
47.6	26
47.1	27.6
46.6	29.2
46	30.7
45.5	32.2
44.9	33.7
44.3	35.1
43.6	36.5
43	37.9
42.3	39.2
41.6	40.5
40.9	41.8
40.2	43
39.5	44.3
38.7	45.5
38	46.6
37.2	47.8
36.4	48.9
35.6	50
34.8	51.1
34	52.1
33.2	53.1
32.3	54.1
31.5	55.1
30.6	56.1
29.8	57.1
28.9	58
28	58.9
27.1	59.8
26.2	60.7
25.3	61.5
24.4	62.4
23.5	63.2
22.6	64.1
21.7	64.9
20.7	65.7
19.8	66.5
18.9	67.3
17.9	68
17	68.8
16	69.6
15.1	70.3
14.1	71.1
13.1	71.8
12.2	72.5
11.2	73.2
10.2	74
9.3	74.7
8.3	75.4
7.3	76.1
6.4	76.8
5.4	77.5
4.4	78.2
3.4	78.9
2.5	79.6
1.5	80.3
0.5	81
-0.5	81.6
-1.5	82.3
-2.4	83
-3.4	83.7
-4.4	84.4
-5.4	85.1
-6.3	85.8
-7.3	86.5
-8.3	87.2
-9.3	87.9
-10.2	88.6
-11.2	89.3
-12.2	90.1
-13.1	90.8
-14.1	91.5
-15	92.3
-16	93
-16.9	93.8
-17.9	94.5
-18.8	95.3
-19.8	96.1
-20.7	96.9
-21.6	97.7
-22.6	98.5
-23.5	99.3
-24.4	100.2
-25.3	101
-26.2	101.9
-27.1	102.8
-28	103.7
-28.9	104.6
-29.7	105.5
-30.6	106.5
-31.5	107.5
-32.3	108.4
-33.2	109.4
-34	110.5
-34.8	111.5
-35.6	112.6
-36.4	113.7
-37.2	114.8
-38	115.9
-38.7	117.1
-39.5	118.3
-40.2	119.5
-40.9	120.8
-41.6	122.1
-42.3	123.4
-43	124.7
-43.6	126.1
-44.2	127.5
-44.8	128.9
-45.4	130.4
-46	131.9
-46.6	133.4
-47.1	135
-47.6	136.5
-48	138.2
-48.5	139.8
-48.9	141.5
-49.3	143.2
-49.7	144.9
-50	146.7
-50.3	148.5
-50.6	150.3
-50.8	152.1
-51	154
-51.2	155.9
-51.4	157.8
-51.5	159.6
-51.6	161.5
-51.6	163.5
-51.6	165.4
-51.6	167.3
-51.6	169.2
-51.5	171.1
-51.3	173
-51.2	174.9
-51	176.7
-50.8	178.6
-50.5	-179.6
-50.3	-177.8
-49.9	-176
-49.6	-174.2
-49.2	-172.5
-48.8	-170.8
-48.4	-169.1
-48	-167.5
-47.5	-165.9
-47	-164.3
-46.4	-162.7
-45.9	-161.2
-45.3	-159.7
-44.7	-158.3
-44.1	-156.8
-43.5	-155.4
-42.8	-154.1
-42.2	-152.7
-41.5	-151.4
-40.8	-150.2
-40.1	-148.9
-39.3	-147.7
-38.6	-146.5
-37.8	-145.3
-37	-144.2
-36.2	-143.1
-35.4	-142
-34.6	-140.9
-33.8	-139.9
-33	-138.9
-32.1	-137.9
-31.3	-136.9
-30.4	-135.9
-29.6	-135
-28.7	-134
-27.8	-133.1
-26.9	-132.2
-26	-131.4
-25.1	-130.5
-24.2	-129.6
-23.3	-128.8
-22.4	-128
-21.4	-127.2
-20.5	-126.4
-19.6	-125.6
-18.6	-124.8
-17.7	-124
-16.7	-123.3
-15.8	-122.5
-14.8	-121.7
-13.9	-121
-12.9	-120.3
-11.9	-119.5
-11	-118.8
-10	-118.1
-9	-117.4
-8.1	-116.7
-7.1	-116
-6.1	-115.3
-5.1	-114.6
-4.2	-113.9
-3.2	-113.2
-2.2	-112.5
-1.2	-111.8
-0.2	-111.1
0.7	-110.4
1.7	-109.7
2.7	-109
3.7	-108.4
4.6	-107.7
5.6	-107
6.6	-106.3
7.6	-105.6
8.5	-104.9
9.5	-104.1
10.5	-103.4
11.5	-102.7
12.4	-102
13.4	-101.3
14.3	-100.5
15.3	-99.8
16.2	-99
17.2	-98.3
18.1	-97.5
19.1	-96.7
20	-95.9
21	-95.1
21.9	-94.3
22.8	-93.5
23.7	-92.7
24.6	-91.8
25.6	-91
26.5	-90.1
27.3	-89.2
28.2	-88.3
29.1	-87.4
30	-86.4
30.9	-85.5
31.7	-84.5
32.6	-83.5
33.4	-82.5
34.2	-81.5
35	-80.4
35.8	-79.3
36.6	-78.2
37.4	-77.1
38.2	-76
38.9	-74.8
39.7	-73.6
40.4	-72.4
41.1	-71.1
41.8	-69.8
42.5	-68.5
43.2	-67.1
43.8	-65.8
44.4	-64.3
45	-62.9
45.6	-61.4
46.2	-59.9
46.7	-58.4
47.2	-56.8
47.7	-55.2
48.2	-53.6
48.6	-51.9
49	-50.2
49.4	-48.5
49.8	-46.8
50.1	-45
50.4	-43.2
50.7	-41.4
50.9	-39.5
51.1	-37.7
51.3	-35.8
51.4	-33.9
51.5	-32
51.6	-30.1
51.6	-28.2
51.6	-26.3
51.6	-24.4
51.5	-22.5
51.4	-20.6
51.3	-18.7
51.1	-16.8
50.9	-15
50.7	-13.1
50.5	-11.3
50.2	-9.5
49.8	-7.7
49.5	-6
49.1	-4.2
48.7	-2.5
48.3	-0.9
47.8	0.8
47.3	2.4
46.8	3.9
46.3	5.5
45.7	7
45.2	8.5
44.6	9.9
43.9	11.3
43.3	12.7
42.6	14.1
42	15.4
41.3	16.7
40.6	18
39.8	19.2
39.1	20.4
38.3	21.6
37.6	22.7
36.8	23.9
36	25
35.2	26.1
34.4	27.1
33.6	28.2
32.7	29.2
31.9	30.2
31	31.1
30.2	32.1
29.3	33
28.4	34
27.5	34.9
26.7	35.8
25.8	36.6
24.9	37.5
23.9	38.3
23	39.2
22.1	40
21.2	40.8
20.2	41.6
19.3	42.4
18.4	43.2
17.4	44
16.5	44.7
15.5	45.5
14.6	46.2
13.6	46.9
12.6	47.7
11.7	48.4
10.7	49.1
9.7	49.8
8.8	50.6
7.8	51.3
6.8	52
5.9	52.7
4.9	53.4
3.9	54.1
2.9	54.7
1.9	55.4
1	56.1
0	56.8
-1	57.5
-2	58.2
-2.9	58.9
-3.9	59.6
-4.9	60.3
-5.9	61
-6.8	61.7
-7.8	62.4
-8.8	63.1
-9.8	63.8
-10.7	64.5
-11.7	65.2
-12.7	66
-13.6	66.7
-14.6	67.4
-15.5	68.2
-16.5	68.9
-17.4	69.7
-18.4	70.5
-19.3	71.2
-20.3	72
-21.2	72.8
-22.1	73.6
-23	74.5
-24	75.3
-24.9	76.1
-25.8	77
-26.7	77.9
-27.6	78.8
-28.4	79.7
-29.3	80.6
-30.2	81.5
-31.1	82.5
-31.9	83.5
-32.8	84.5
-33.6	85.5
-34.4	86.5
-35.2	87.6
-36	88.7
-36.8	89.8
-37.6	90.9
-38.4	92.1
-39.1	93.2
-39.9	94.4
-40.6	95.7
-41.3	97
-42	98.2
-42.6	99.6
-43.3	100.9
-43.9	102.3
-44.6	103.7
-45.2	105.2
-45.7	106.7
-46.3	108.2
-46.8	109.7
-47.3	111.3
-47.8	112.9
-48.3	114.5
-48.7	116.2
-49.1	117.9
-49.5	119.6
-49.9	121.4
-50.2	123.1
-50.5	125
-50.7	126.8
-50.9	128.6
-51.1	130.5
-51.3	132.4
-51.4	134.2
-51.5	136.1
-51.6	138
-51.6	140
-51.6	141.9
-51.6	143.8
-51.5	145.7
-51.4	147.6
-51.3	149.5
-51.1	151.3
-50.9	153.2
-50.7	155
-50.4	156.9
-50.1	158.7
-49.8	160.4
-49.4	162.2
-49	163.9
-48.6	165.6
-48.2	167.2
-47.7	168.9
-47.2	170.5
-46.7	172
-46.2	173.6
-45.6	175.1
-45	176.6
-44.4	178
-43.8	179.4
-43.1	-179.2
-42.5	-177.9
-41.8	-176.6
-41.1	-175.3
-40.4	-174
-39.7	-172.8
-38.9	-171.6
-38.2	-170.4
-37.4	-169.2
-36.6	-168.1
-35.8	-167
-35	-165.9
-34.2	-164.9
-33.4	-163.9
-32.5	-162.8
-31.7	-161.8
-30.8	-160.9
-30	-159.9
-29.1	-159
-28.2	-158.1
-27.3	-157.2
-26.4	-156.3
-25.5	-155.4
-24.6	-154.5
-23.7	-153.7
-22.8	-152.9
-21.9	-152
-20.9	-151.2
-20	-150.4
-19.1	-149.7
-18.1	-148.9
-17.2	-148.1
-16.2	-147.3
-15.3	-146.6
-14.3	-145.9
-13.4	-145.1
-12.4	-144.4
-11.4	-143.7
-10.5	-142.9
-9.5	-142.2
-8.5	-141.5
-7.6	-140.8
-6.6	-140.1
-5.6	-139.4
-4.6	-138.7
-3.7	-138
-2.7	-137.3
-1.7	-136.6
-0.7	-135.9
0.3	-135.3
1.2	-134.6
2.2	-133.9
3.2	-133.2
4.2	-132.5
5.2	-131.8
6.1	-131.1
7.1	-130.4
8.1	-129.7
9.1	-129
10	-128.3
11	-127.5
12	-126.8
12.9	-126.1
13.9	-125.4
14.8	-124.6
15.8	-123.9
16.7	-123.1
17.7	-122.4
18.6	-121.6
19.6	-120.8
20.5	-120
21.4	-119.2
22.4	-118.4
23.3	-117.6
24.2	-116.7
25.1	-115.9
26	-115
26.9	-114.1
27.8	-113.2
28.7	-112.3
29.6	-111.4
30.4	-110.4
31.3	-109.5
32.2	-108.5
33	-107.5
33.8	-106.5
34.6	-105.4
35.5	-104.4
36.3	-103.3
37	-102.2
37.8	-101
38.6	-99.8
39.3	-98.7
40.1	-97.4
40.8	-96.2
41.5	-94.9
42.2	-93.6
42.8	-92.3
43.5	-90.9
44.1	-89.5
44.7	-88.1
45.3	-86.6
45.9	-85.1
46.5	-83.6
47	-82.1
47.5	-80.5
48	-78.9
48.4	-77.2
48.8	-75.5
49.2	-73.8
49.6	-72.1
49.9	-70.3
50.3	-68.6
50.5	-66.8
50.8	-64.9
51	-63.1
51.2	-61.2
51.4	-59.3
51.5	-57.4
51.6	-55.5
51.6	-53.6
51.6	-51.7
51.6	-49.8
51.6	-47.9
51.5	-46
51.4	-44.1
51.2	-42.2
51	-40.4
50.8	-38.5
50.6	-36.7
50.3	-34.9
50	-33.1
49.7	-31.3
49.3	-29.6
48.9	-27.9
48.5	-26.2
48	-24.5
47.6	-22.9
47.1	-21.3
46.5	-19.7
46	-18.2
45.4	-16.7
44.8	-15.3
44.2	-13.8
43.6	-12.4
43	-11.1
42.3	-9.7
41.6	-8.4
40.9	-7.1
40.2	-5.9
39.5	-4.7
38.7	-3.5
38	-2.3
37.2	-1.2
36.4	0
35.6	1
34.8	2.1
34	3.2
33.1	4.2
32.3	5.2
31.5	6.2
30.6	7.2
29.7	8.1
28.9	9
28	9.9
27.1	10.8
26.2	11.7
25.3	12.6
24.4	13.4
23.5	14.3
22.5	15.1
21.6	15.9
20.7	16.7
19.8	17.5
18.8	18.3
17.9	19.1
16.9	19.9
16	20.6
15	21.4
14.1	22.1
13.1	22.8
12.1	23.6
11.2	24.3
10.2	25
9.2	25.7
8.3	26.4
7.3	27.1
6.3	27.8
5.3	28.5
4.4	29.2
3.4	29.9
2.4	30.6
1.4	31.3
0.5	32
-0.5	32.7
-1.5	33.4
-2.5	34.1
-3.5	34.8
-4.4	35.4
-5.4	36.1
-6.4	36.8
-7.4	37.5
-8.3	38.2
-9.3	39
-10.3	39.7
-11.2	40.4
-12.2	41.1
-13.2	41.8
-14.1	42.6
-15.1	43.3
-16	44.1
-17	44.8
-17.9	45.6
-18.9	46.4
-19.8	47.1
-20.7	47.9
-21.7	48.7
-22.6	49.6
-23.5	50.4
-24.4	51.2
-25.3	52.1
-26.2	53
-27.1	53.8
-28	54.7
-28.9	55.7
-29.8	56.6
-30.6	57.5
-31.5	58.5
-32.4	59.5
-33.2	60.5
-34	61.5
-34.8	62.6
-35.6	63.6
-36.4	64.7
-37.2	65.9
-38	67
-38.8	68.2
-39.5	69.4
-40.2	70.6
-40.9	71.8
-41.6	73.1
-42.3	74.4
-43	75.8
-43.6	77.2
-44.3	78.6
-44.9	80
-45.5	81.4
-46	82.9
-46.6	84.5
-47.1	86
-47.6	87.6
-48.1	89.2
-48.5	90.9
-48.9	92.6
-49.3	94.3
-49.7	96
-50	97.8
-50.3	99.6
-50.6	101.4
-50.8	103.2
-51.1	105.1
-51.2	107
-51.4	108.8
-51.5	110.7
-51.6	112.6
-51.6	114.6
-51.6	116.5
-51.6	118.4
-51.6	120.3
-51.5	122.2
-51.3	124.1
-51.2	126
-51	127.8
-50.8	129.7
-50.5	131.5
-50.2	133.3
-49.9	135.1
-49.6	136.8
-49.2	138.6
-48.8	140.3
-48.4	142
-47.9	143.6
-47.5	145.2
-47	146.8
-46.4	148.4
-45.9	149.9
-45.3	151.4
-44.7	152.8
-44.1	154.2
-43.5	155.6
-42.8	157
-42.1	158.3
-41.4	159.6
-40.7	160.9
-40	162.1
-39.3	163.4
-38.5	164.6
-37.8	165.7
-37	166.9
-36.2	168
-35.4	169.1
-34.6	170.1
-33.8	171.2
-32.9	172.2
-32.1	173.2
-31.2	174.2
-30.4	175.1
-29.5	176.1
-28.6	177
-27.8	177.9
-26.9	178.8
-26	179.7
-25.1	-179.4
-24.2	-178.6
-23.2	-177.8
-22.3	-176.9
-21.4	-176.1
-20.5	-175.3
-19.5	-174.5
-18.6	-173.7
-17.6	-173
-16.7	-172.2
-15.7	-171.4
-14.8	-170.7
-13.8	-170
-12.9	-169.2
-11.9	-168.5
-10.9	-167.8
-10	-167.1
-9	-166.3
-8	-165.6
-7	-164.9
-6.1	-164.2
-5.1	-163.5
-4.1	-162.8
-3.1	-162.1
-2.2	-161.5
-1.2	-160.8
-0.2	-160.1
0.8	-159.4
1.8	-158.7
2.7	-158
3.7	-157.3
4.7	-156.6
5.7	-155.9
6.6	-155.2
7.6	-154.5
8.6	-153.8
9.6	-153.1
10.5	-152.4
11.5	-151.7
12.5	-150.9
13.4	-150.2
14.4	-149.5
15.3	-148.7
16.3	-148
17.2	-147.2
18.2	-146.4
19.1	-145.7
20.1	-144.9
21	-144.1
21.9	-143.3
22.9	-142.4
23.8	-141.6
24.7	-140.8
25.6	-139.9
26.5	-139
27.4	-138.2
28.3	-137.2
29.2	-136.3
30	-135.4
30.9	-134.4
31.7	-133.5
32.6	-132.5
33.4	-131.5
34.3	-130.4
35.1	-129.4
35.9	-128.3
36.7	-127.2
37.5	-126.1
38.2	-124.9
39	-123.7
39.7	-122.5
40.4	-121.3
41.2	-120
41.8	-118.7
42.5	-117.4
43.2	-116.1
43.8	-114.7
44.5	-113.3
45.1	-111.8
45.6	-110.4
46.2	-108.8
46.7	-107.3
47.2	-105.7
47.7	-104.1
48.2	-102.5
48.6	-100.8
49.1	-99.2
49.4	-97.4
49.8	-95.7
50.1	-93.9
50.4	-92.1
50.7	-90.3
50.9	-88.4
51.1	-86.6
51.3	-84.7
51.4	-82.8
51.5	-80.9
51.6	-79
51.6	-77.1
51.6	-75.2
51.6	-73.3
51.5	-71.4
51.4	-69.5
51.3	-67.6
51.1	-65.7
50.9	-63.9
50.7	-62
50.4	-60.2
50.2	-58.4
49.8	-56.6
49.5	-54.9
49.1	-53.2
48.7	-51.5
48.3	-49.8
47.8	-48.2
47.3	-46.6
46.8	-45
46.3	-43.4
45.7	-41.9
45.1	-40.4
44.5	-39
43.9	-37.6
43.3	-36.2
42.6	-34.9
41.9	-33.5
41.2	-32.2
40.5	-31
39.8	-29.7
39.1	-28.5
38.3	-27.3
37.5	-26.2
36.8	-25.1
36	-24
35.2	-22.9
34.4	-21.8
33.5	-20.8
32.7	-19.8
31.9	-18.8
31	-17.8
30.1	-16.8
29.3	-15.9
28.4	-15
27.5	-14.1
26.6	-13.2
25.7	-12.3
24.8	-11.4
23.9	-10.6
23	-9.8
22.1	-8.9
21.1	-8.1
20.2	-7.3
19.3	-6.5
18.3	-5.8
17.4	-5
16.4	-4.2
15.5	-3.5
14.5	-2.7
13.6	-2
12.6	-1.3
11.6	-0.5
10.7	0.2
9.7	0.9
8.7	1.6
7.8	2.3
6.8	3
5.8	3.7
4.8	4.4
3.9	5.1
2.9	5.8
1.9	6.5
0.9	7.2
-0.1	7.9
-1	8.6
-2	9.2
-3	9.9
-4	10.6
-4.9	11.3
-5.9	12
-6.9	12.7
-7.9	13.4
-8.8	14.1
-9.8	14.8
-10.8	15.6
-11.7	16.3
-12.7	17
-13.7	17.7
-14.6	18.5
-15.6	19.2
-16.5	20
-17.5	20.7
-18.4	21.5
-19.4	22.3
-20.3	23.1
-21.2	23.9
-22.2	24.7
-23.1	25.5
-24	26.3
-24.9	27.2
-25.8	28
-26.7	28.9
-27.6	29.8
-28.5	30.7
-29.4	31.6
-30.2	32.6
-31.1	33.5
-31.9	34.5
-32.8	35.5
-33.6	36.5
-34.4	37.6
-35.3	38.6
-36.1	39.7
-36.9	40.8
-37.6	42
-38.4	43.1
-39.1	44.3
-39.9	45.5
-40.6	46.8
-41.3	48
-42	49.3
-42.7	50.6
-43.3	52
-44	53.4
-44.6	54.8
-45.2	56.3
-45.8	57.7
-46.3	59.2
-46.9	60.8
-47.4	62.4
-47.8	64
-48.3	65.6
-48.7	67.3
-49.1	69
-49.5	70.7
-49.9	72.5
-50.2	74.2
-50.5	76
-50.7	77.9
-51	79.7
-51.2	81.6
-51.3	83.5
-51.4	85.3
-51.5	87.2
-51.6	89.2
-51.6	91.1
-51.6	93
-51.6	94.9
-51.5	96.8
-51.4	98.7
-51.3	100.6
-51.1	102.4
-50.9	104.3
-50.7	106.1
-50.4	108
-50.1	109.8
-49.8	111.5
-49.4	113.3
-49	115
-48.6	116.7
-48.2	118.3
-47.7	120
-47.2	121.6
-46.7	123.1
-46.1	124.7
-45.6	126.2
-45	127.6
-44.4	129.1
-43.8	130.5
-43.1	131.9
-42.5	133.2
-41.8	134.5
-41.1	135.8
-40.4	137.1
-39.6	138.3
-38.9	139.5
-38.1	140.7
-37.4	141.8
-36.6	143
-35.8	144.1
-35	145.1
-34.2	146.2
-33.3	147.2
-32.5	148.2
-31.7	149.2
-30.8	150.2
-29.9	151.1
-29.1	152.1
-28.2	153
-27.3	153.9
-26.4	154.8
-25.5	155.7
-24.6	156.5
-23.7	157.4
-22.8	158.2
-21.8	159
-20.9	159.8
-20	160.6
-19	161.4
-18.1	162.2
-17.1	162.9
-16.2	163.7
-15.2	164.5
-14.3	165.2
-13.3	165.9
-12.4	166.7
-11.4	167.4
-10.4	168.1
-9.5	168.8
-8.5	169.5
-7.5	170.2
-6.5	170.9
-5.6	171.6
-4.6	172.3
-3.6	173
-2.6	173.7
-1.6	174.4
-0.7	175.1
0.3	175.8
1.3	176.5
2.3	177.2
3.2	177.9
4.2	178.6
5.2	179.3
6.2	180
7.2	-179.3
8.1	-178.6
9.1	-177.9
10.1	-177.2
11	-176.5
12	-175.8
13	-175
13.9	-174.3
14.9	-173.6
15.8	-172.8
16.8	-172.1
17.7	-171.3
18.7	-170.5
19.6	-169.7
20.6	-169
21.5	-168.1
22.4	-167.3
23.3	-166.5
24.3	-165.7
25.2	-164.8
26.1	-163.9
27	-163.1
27.9	-162.2
28.7	-161.3
29.6	-160.3
30.5	-159.4
31.3	-158.4
32.2	-157.4
33	-156.4
33.9	-155.4
34.7	-154.4
35.5	-153.3
36.3	-152.2
37.1	-151.1
37.9	-149.9
38.6	-148.8
39.4	-147.6
40.1	-146.4
40.8	-145.1
41.5	-143.8
42.2	-142.5
42.9	-141.2
43.5	-139.8
44.2	-138.4
44.8	-137
45.4	-135.6
45.9	-134.1
46.5	-132.5
47	-131
47.5	-129.4
48	-127.8
48.4	-126.1
48.9	-124.4
49.3	-122.7
49.6	-121
50	-119.2
50.3	-117.5
50.6	-115.6
50.8	-113.8
51	-112
51.2	-110.1
51.4	-108.2
51.5	-106.3
51.6	-104.4
51.6	-102.5
51.6	-100.6
51.6	-98.7
51.6	-96.8
51.5	-94.9
51.4	-93
51.2	-91.1
51	-89.2
50.8	-87.4
50.6	-85.6
50.3	-83.7
50	-82
49.7	-80.2
49.3	-78.5
48.9	-76.7
48.5	-75.1
48	-73.4
47.5	-71.8
47	-70.2
46.5	-68.7
46	-67.1
45.4	-65.6
44.8	-64.2
44.2	-62.7
43.6	-61.3
42.9	-60
42.3	-58.6
41.6	-57.3
40.9	-56.1
40.2	-54.8
39.4	-53.6
38.7	-52.4
37.9	-51.2
37.1	-50.1
36.4	-49
35.6	-47.9
34.7	-46.8
33.9	-45.8
33.1	-44.7
32.3	-43.7
31.4	-42.7
30.6	-41.8
29.7	-40.8
28.8	-39.9
27.9	-39
27	-38.1
26.1	-37.2
25.2	-36.3
24.3	-35.5
23.4	-34.7
22.5	-33.8
21.6	-33
20.6	-32.2
19.7	-31.4
18.8	-30.6
17.8	-29.9
16.9	-29.1
15.9	-28.3
15	-27.6
14	-26.8
13.1	-26.1
12.1	-25.4
11.1	-24.7
10.2	-23.9
9.2	-23.2
8.2	-22.5
7.2	-21.8
6.3	-21.1
5.3	-20.4
4.3	-19.7
3.3	-19
2.4	-18.3
1.4	-17.6
0.4	-17
-0.6	-16.3
-1.5	-15.6
-2.5	-14.9
-3.5	-14.2
-4.5	-13.5
-5.5	-12.8
-6.4	-12.1
-7.4	-11.4
-8.4	-10.7
-9.3	-10
-10.3	-9.3
-11.3	-8.6
-12.2	-7.8
-13.2	-7.1
-14.2	-6.4
-15.1	-5.6
-16.1	-4.9
-17	-4.1
-18	-3.4
-18.9	-2.6
-19.9	-1.8
-20.8	-1
-21.7	-0.2
-22.6	0.6
-23.6	1.4
-24.5	2.3
-25.4	3.1
-26.3	4
-27.2	4.9
-28.1	5.8
-28.9	6.7
-29.8	7.6
-30.7	8.6
-31.5	9.6
-32.4	10.6
-33.2	11.6
-34.1	12.6
-34.9	13.6
-35.7	14.7
-36.5	15.8
-37.3	16.9
-38	18.1
-38.8	19.2
-39.5	20.4
-40.3	21.7
-41	22.9
-41.7	24.2
-42.4	25.5
-43	26.9
-43.7	28.2
-44.3	29.6
-44.9	31.1
-45.5	32.5
-46.1	34
-46.6	35.6
-47.1	37.1
-47.6	38.7
-48.1	40.3
-48.5	42
-49	43.7
-49.3	45.4
-49.7	47.1
-50	48.9
-50.3	50.7
-50.6	52.5
-50.9	54.3
-51.1	56.2
-51.2	58.1
-51.4	60
-51.5	61.8
-51.6	63.8
-51.6	65.7
-51.6	67.6
-51.6	69.5
-51.6	71.4
-51.5	73.3
-51.3	75.2
-51.2	77.1
-51	78.9
-50.8	80.8
-50.5	82.6
-50.2	84.4
-49.9	86.2
-49.6	87.9
-49.2	89.7
-48.8	91.4
-48.4	93.1
-47.9	94.7
-47.4	96.3
-46.9	97.9
-46.4	99.4
-45.8	101
-45.3	102.4
-44.7	103.9
-44.1	105.3
-43.4	106.7
-42.8	108.1
-42.1	109.4
-41.4	110.7
-40.7	112
-40	113.2
-39.2	114.4
-38.5	115.6
-37.7	116.8
-37	117.9
-36.2	119
-35.4	120.1
-34.6	121.2
-33.7	122.2
-32.9	123.3
-32.1	124.3
-31.2	125.2
-30.3	126.2
-29.5	127.1
-28.6	128.1
-27.7	129
-26.8	129.9
-25.9	130.7
-25	131.6
-24.1	132.5
-23.2	133.3
-22.3	134.1
-21.3	134.9
-20.4	135.7
-19.5	136.5
-18.5	137.3
-17.6	138.1
-16.6	138.9
-15.7	139.6
-14.7	140.4
-13.8	141.1
-12.8	141.8
-11.8	142.6
-10.9	143.3
-9.9	144
-8.9	144.7
-8	145.4
-7	146.1
-6	146.8
-5	147.5
-4.1	148.2
-3.1	148.9
-2.1	149.6
-1.1	150.3
-0.2	151
0.8	151.7
1.8	152.4
2.8	153.1
3.8	153.7
4.7	154.4
5.7	155.1
6.7	155.8
7.7	156.5
8.6	157.2
9.6	158
10.6	158.7
11.5	159.4
12.5	160.1
13.5	160.8
14.4	161.6
15.4	162.3
16.3	163.1
17.3	163.8
18.2	164.6
19.2	165.4
20.1	166.2
21.1	167
22	167.8
22.9	168.6
23.8	169.4
24.7	170.3
25.6	171.1
26.5	172
27.4	172.9
28.3	173.8
29.2	174.7
30.1	175.7
30.9	176.6
31.8	177.6
32.6	178.6
33.5	179.6
34.3	-179.3
35.1	-178.3
35.9	-177.2
36.7	-176.1
37.5	-175
38.3	-173.8
39	-172.6
39.8	-171.4
40.5	-170.2
41.2	-168.9
41.9	-167.7
42.6	-166.3
43.2	-165
43.9	-163.6
44.5	-162.2
45.1	-160.7
45.7	-159.3
46.2	-157.8
46.8	-156.2
47.3	-154.6
47.8	-153
48.2	-151.4
48.7	-149.7
49.1	-148
49.5	-146.3
49.8	-144.6
50.1	-142.8
50.4	-141
50.7	-139.2
50.9	-137.3
51.1	-135.5
51.3	-133.6
51.4	-131.7
51.5	-129.8
51.6	-127.9
51.6	-126
51.6	-124.1
51.6	-122.2
51.5	-120.3
51.4	-118.4
51.3	-116.5
51.1	-114.6
50.9	-112.8
50.7	-110.9
50.4	-109.1
50.1	-107.3
49.8	-105.5
49.5	-103.8
49.1	-102.1
48.7	-100.4
48.2	-98.7
47.8	-97.1
47.3	-95.5
46.8	-93.9
46.2	-92.3
45.7	-90.8
45.1	-89.4
44.5	-87.9
43.9	-86.5
43.2	-85.1
42.6	-83.8
41.9	-82.4
41.2	-81.2
40.5	-79.9
39.8	-78.7
39	-77.5
38.3	-76.3
37.5	-75.1
36.7	-74
35.9	-72.9
35.1	-71.8
34.3	-70.8
33.5	-69.7
32.7	-68.7
31.8	-67.7
31	-66.7
30.1	-65.8
29.2	-64.8
28.3	-63.9
27.5	-63
26.6	-62.1
25.7	-61.2
24.8	-60.4
23.9	-59.5
22.9	-58.7
22	-57.9
21.1	-57.1
20.2	-56.3
19.2	-55.5
18.3	-54.7
17.3	-53.9
16.4	-53.2
15.4	-52.4
14.5	-51.7
13.5	-51
12.6	-50.2
11.6	-49.5
10.6	-48.8
9.7	-48.1
8.7	-47.4
7.7	-46.6
6.7	-45.9
5.8	-45.2
4.8	-44.5
3.8	-43.9
2.8	-43.2
1.9	-42.5
0.9	-41.8
-0.1	-41.1
-1.1	-40.4
-2.1	-39.7
-3	-39
-4	-38.3
-5	-37.6
-6	-36.9
-6.9	-36.2
-7.9	-35.5
-8.9	-34.8
-9.9	-34.1
-10.8	-33.4
-11.8	-32.7
-12.7	-32
-13.7	-31.2
-14.7	-30.5
-15.6	-29.7
-16.6	-29
-17.5	-28.2
-18.5	-27.4
-19.4	-26.7
-20.3	-25.9
-21.3	-25.1
-22.2	-24.3
-23.1	-23.4
-24	-22.6
-24.9	-21.8
-25.9	-20.9
-26.8	-20
-27.6	-19.1
-28.5	-18.2
-29.4	-17.3
-30.3	-16.4
-31.1	-15.4
-32	-14.4
-32.8	-13.4
-33.7	-12.4
-34.5	-11.4
-35.3	-10.3
-36.1	-9.2
-36.9	-8.1
-37.7	-7
-38.4	-5.8
-39.2	-4.6
-39.9	-3.4
-40.6	-2.2
-41.3	-0.9
-42	0.4
-42.7	1.7
-43.4	3.1
-44	4.5
-44.6	5.9
-45.2	7.3
-45.8	8.8
-46.3	10.3
-46.9	11.9
-47.4	13.5
-47.9	15.1
-48.3	16.7
-48.8	18.4
-49.2	20.1
-49.5	21.8
-49.9	23.6
-50.2	25.3
-50.5	27.1
-50.7	29
-51	30.8
-51.2	32.7
-51.3	34.6
-51.5	36.4
-51.5	38.3
-51.6	40.3
-51.6	42.2
-51.6	44.1
-51.6	46
-51.5	47.9
-51.4	49.8
-51.3	51.7
-51.1	53.5
-50.9	55.4
-50.6	57.2
-50.4	59
-50.1	60.8
-49.7	62.6
-49.4	64.4
-49	66.1
-48.6	67.8
-48.1	69.4
-47.7	71
-47.2	72.6
-46.7	74.2
-46.1	75.7
-45.5	77.2
-45	78.7
-44.4	80.2
-43.7	81.6
-43.1	82.9
-42.4	84.3
-41.7	85.6
-41	86.9
-40.3	88.1
-39.6	89.4
-38.9	90.6
-38.1	91.7
-37.3	92.9
-36.5	94
-35.8	95.1
-34.9	96.2
-34.1	97.2
-33.3	98.3
-32.5	99.3
-31.6	100.3
-30.8	101.2
-29.9	102.2
-29	103.1
-28.1	104
-27.3	105
-26.4	105.8
-25.5	106.7
-24.5	107.6
-23.6	108.4
-22.7	109.2
-21.8	110.1
-20.9	110.9
-19.9	111.7
-19	112.4
-18	113.2
-17.1	114
-16.1	114.8
-15.2	115.5
-14.2	116.2
-13.3	117
-12.3	117.7
-11.3	118.4
-10.4	119.2
-9.4	119.9
-8.4	120.6
-7.5	121.3
-6.5	122
-5.5	122.7
-4.5	123.4
-3.6	124.1
-2.6	124.8
-1.6	125.5
-0.6	126.2
0.4	126.8
1.3	127.5
2.3	128.2
3.3	128.9
4.3	129.6
5.2	130.3
6.2	131
7.2	131.7
8.2	132.4
9.1	133.1
10.1	133.8
11.1	134.6
12	135.3
13	136
14	136.7
14.9	137.5
15.9	138.2
16.8	139
17.8	139.7
18.7	140.5
19.7	141.3
20.6	142.1
21.5	142.9
22.5	143.7
23.4	144.5
24.3	145.4
25.2	146.2
26.1	147.1
27	148
27.9	148.9
28.8	149.8
29.7	150.7
30.5	151.7
31.4	152.6
32.2	153.6
33.1	154.6
33.9	155.7
34.7	156.7
35.5	157.8
36.3	158.9
37.1	160
37.9	161.1
38.7	162.3
39.4	163.5
40.1	164.7
40.9	166
41.6	167.2
42.2	168.5
42.9	169.9
43.6	171.2
44.2	172.6
44.8	174.1
45.4	175.5
46	177
46.5	178.6
47	-179.9
47.5	-178.3
48	-176.7
48.5	-175
48.9	-173.4
49.3	-171.6
49.6	-169.9
50	-168.1
50.3	-166.4
50.6	-164.5
50.8	-162.7
51	-160.9
51.2	-159
51.4	-157.1
51.5	-155.2
51.6	-153.3
51.6	-151.4
51.6	-149.5
51.6	-147.6
51.6	-145.7
51.5	-143.8
51.4	-141.9
51.2	-140
51	-138.1
50.8	-136.3
50.6	-134.5
50.3	-132.6
50	-130.9
49.6	-129.1
49.3	-127.4
48.9	-125.7
48.4	-124
48	-122.3
47.5	-120.7
47	-119.1
46.5	-117.6
45.9	-116
45.4	-114.6
44.8	-113.1
44.2	-111.7
43.5	-110.3
42.9	-108.9
42.2	-107.6
41.5	-106.3
40.8	-105
40.1	-103.7
39.4	-102.5
38.6	-101.3
37.9	-100.2
37.1	-99
36.3	-97.9
35.5	-96.8
34.7	-95.7
33.9	-94.7
33.1	-93.7
32.2	-92.7
31.4	-91.7
30.5	-90.7
29.6	-89.8
28.8	-88.8
27.9	-87.9
27	-87
26.1	-86.2
25.2	-85.3
24.3	-84.4
23.4	-83.6
22.5	-82.8
21.5	-82
20.6	-81.2
19.7	-80.4
18.7	-79.6
17.8	-78.8
16.8	-78
15.9	-77.3
14.9	-76.5
14	-75.8
13	-75.1
12	-74.3
11.1	-73.6
10.1	-72.9
9.1	-72.2
8.2	-71.5
7.2	-70.8
6.2	-70.1
5.3	-69.4
4.3	-68.7
3.3	-68
2.3	-67.3
1.3	-66.6
0.4	-65.9
-0.6	-65.2
-1.6	-64.5
-2.6	-63.8
-3.5	-63.1
-4.5	-62.5
-5.5	-61.8
-6.5	-61.1
-7.4	-60.4
-8.4	-59.7
-9.4	-58.9
-10.4	-58.2
-11.3	-57.5
-12.3	-56.8
-13.3	-56.1
-14.2	-55.3
-15.2	-54.6
-16.1	-53.8
-17.1	-53.1
-18	-52.3
-19	-51.5
-19.9	-50.7
-20.8	-50
-21.8	-49.1
-22.7	-48.3
-23.6	-47.5
-24.5	-46.7
-25.4	-45.8
-26.3	-44.9
-27.2	-44
-28.1	-43.1
-29	-42.2
-29.9	-41.3
-30.7	-40.3
-31.6	-39.4
-32.4	-38.4
-33.3	-37.4
-34.1	-36.3
-34.9	-35.3
-35.7	-34.2
-36.5	-33.1
-37.3	-32
-38.1	-30.9
-38.8	-29.7
-39.6	-28.5
-40.3	-27.3
-41	-26
-41.7	-24.7
-42.4	-23.4
-43.1	-22.1
-43.7	-20.7
-44.3	-19.3
-44.9	-17.9
-45.5	-16.4
-46.1	-14.9
-46.6	-13.4
-47.1	-11.8
-47.6	-10.2
-48.1	-8.6
-48.6	-6.9
-49	-5.2
-49.4	-3.5
-49.7	-1.8
-50.1	0
-50.4	1.8
-50.6	3.6
-50.9	5.4
-51.1	7.3
-51.3	9.2
-51.4	11.1
-51.5	12.9
-51.6	14.8
-51.6	16.8
-51.6	18.7
-51.6	20.6
-51.5	22.5
-51.5	24.4
-51.3	26.3
-51.2	28.2
-51	30
-50.8	31.9
-50.5	33.7
-50.2	35.5
-49.9	37.3
-49.6	39
-49.2	40.8
-48.8	42.5
-48.3	44.1
-47.9	45.8
-47.4	47.4
-46.9	49
-46.4	50.5
-45.8	52
-45.2	53.5
-44.6	55
-44	56.4
-43.4	57.8
-42.7	59.2
-42.1	60.5
-41.4	61.8
-40.7	63
-40	64.3
-39.2	65.5
-38.5	66.7
-37.7	67.9
-36.9	69
-36.1	70.1
-35.3	71.2
-34.5	72.2
-33.7	73.3
-32.9	74.3
-32	75.3
-31.2	76.3
-30.3	77.3
-29.4	78.2
-28.6	79.1
-27.7	80
-26.8	80.9
-25.9	81.8
-25	82.7
-24.1	83.5
-23.2	84.4
-22.2	85.2
-21.3	86
-20.4	86.8
-19.4	87.6
-18.5	88.4
-17.5	89.1
-16.6	89.9
-15.6	90.7
-14.7	91.4
-13.7	92.1
-12.8	92.9
-11.8	93.6
-10.8	94.3
-9.9	95
-8.9	95.7
-7.9	96.5
-7	97.2
-6	97.9
-5	98.6
-4	99.3
-3	99.9
-2.1	100.6
-1.1	101.3
-0.1	102
0.9	102.7
1.8	103.4
2.8	104.1
3.8	104.8
4.8	105.5
5.8	106.2
6.7	106.9
7.7	107.6
8.7	108.3
9.7	109
10.6	109.7
11.6	110.4
12.6	111.2
13.5	111.9
14.5	112.6
15.4	113.4
16.4	114.1
17.3	114.9
18.3	115.7
19.2	116.4
20.2	117.2
21.1	118
22	118.8
22.9	119.7
23.9	120.5
24.8	121.3
25.7	122.2
26.6	123.1
27.5	124
28.4	124.9
29.2	125.8
30.1	126.7
31	127.7
31.8	128.7
32.7	129.7
33.5	130.7
34.3	131.7
35.2	132.8
36	133.9
36.7	135
37.5	136.1
38.3	137.2
39	138.4
39.8	139.6
40.5	140.9
41.2	142.1
41.9	143.4
42.6	144.7
43.3	146.1
43.9	147.5
44.5	148.9
45.1	150.3
45.7	151.8
46.3	153.3
46.8	154.9
47.3	156.4
47.8	158.1
48.2	159.7
48.7	161.4
49.1	163
49.5	164.8
49.8	166.5
50.1	168.3
50.4	170.1
50.7	171.9
50.9	173.8
51.1	175.6
51.3	177.5
51.4	179.4
51.5	-178.7
51.6	-176.8
51.6	-174.9
51.6	-173
51.6	-171.1
51.5	-169.2
51.4	-167.3
51.3	-165.4
51.1	-163.5
50.9	-161.7
50.7	-159.8
50.4	-158
50.1	-156.2
49.8	-154.4
49.4	-152.7
49.1	-151
48.6	-149.3
48.2	-147.6
47.7	-146
47.3	-144.4
46.7	-142.8
46.2	-141.3
45.6	-139.7
45.1	-138.3
44.5	-136.8
43.8	-135.4
43.2	-134
42.5	-132.7
41.9	-131.4
41.2	-130.1
40.5	-128.8
39.7	-127.6
39	-126.4
38.2	-125.2
37.5	-124.1
36.7	-122.9
35.9	-121.8
35.1	-120.7
34.3	-119.7
33.5	-118.7
32.6	-117.6
31.8	-116.6
30.9	-115.7
30.1	-114.7
29.2	-113.8
28.3	-112.9
27.4	-112
26.5	-111.1
25.6	-110.2
24.7	-109.3
23.8	-108.5
22.9	-107.7
22	-106.8
21	-106
20.1	-105.2
19.2	-104.4
18.2	-103.7
17.3	-102.9
16.3	-102.1
15.4	-101.4
14.4	-100.6
13.5	-99.9
12.5	-99.2
11.5	-98.4
10.6	-97.7
9.6	-97
8.6	-96.3
7.7	-95.6
6.7	-94.9
5.7	-94.2
4.7	-93.5
3.8	-92.8
2.8	-92.1
1.8	-91.4
0.8	-90.7
-0.1	-90
-1.1	-89.4
-2.1	-88.7
-3.1	-88
-4.1	-87.3
-5	-86.6
-6	-85.9
-7	-85.2
-8	-84.5
-8.9	-83.8
-9.9	-83.1
-10.9	-82.3
-11.8	-81.6
-12.8	-80.9
-13.8	-80.2
-14.7	-79.4
-15.7	-78.7
-16.6	-77.9
-17.6	-77.2
-18.5	-76.4
-19.5	-75.6
-20.4	-74.8
-21.3	-74
-22.2	-73.2
-23.2	-72.4
-24.1	-71.6
-25	-70.7
-25.9	-69.8
-26.8	-69
-27.7	-68.1
-28.6	-67.2
-29.4	-66.2
-30.3	-65.3
-31.2	-64.3
-32	-63.4
-32.9	-62.4
-33.7	-61.3
-34.5	-60.3
-35.3	-59.2
-36.1	-58.1
-36.9	-57
-37.7	-55.9
-38.5	-54.7
-39.2	-53.6
-40	-52.3
-40.7	-51.1
-41.4	-49.8
-42.1	-48.5
-42.7	-47.2
-43.4	-45.8
-44	-44.5
-44.6	-43
-45.2	-41.6
-45.8	-40.1
-46.4	-38.6
-46.9	-37
-47.4	-35.5
-47.9	-33.8
-48.3	-32.2
-48.8	-30.5
-49.2	-28.8
-49.6	-27.1
-49.9	-25.3
-50.2	-23.6
-50.5	-21.8
-50.8	-19.9
-51	-18.1
-51.2	-16.2
-51.3	-14.3
-51.5	-12.5
-51.5	-10.6
-51.6	-8.6
-51.6	-6.7
-51.6	-4.8
-51.6	-2.9
-51.5	-1
-51.4	0.9
-51.3	2.8
-51.1	4.6
-50.9	6.5
-50.6	8.3
-50.4	10.1
-50.1	11.9
-49.7	13.7
-49.4	15.5
-49	17.2
-48.6	18.9
-48.1	20.5
-47.6	22.1
-47.1	23.7
-46.6	25.3
-46.1	26.8
-45.5	28.3
-44.9	29.8
-44.3	31.2
-43.7	32.6
-43.1	34
-42.4	35.4
-41.7	36.7
-41	38
-40.3	39.2
-39.6	40.4
-38.8	41.6
-38.1	42.8
-37.3	44
-36.5	45.1
-35.7	46.2
-34.9	47.2
-34.1	48.3
-33.3	49.3
-32.4	50.3
-31.6	51.3
-30.7	52.3
-29.9	53.3
-29	54.2
-28.1	55.1
-27.2	56
-26.3	56.9
-25.4	57.8
-24.5	58.6
-23.6	59.5
-22.7	60.3
-21.7	61.1
-20.8	61.9
-19.9	62.7
-18.9	63.5
-18	64.3
-17.1	65
-16.1	65.8
-15.1	66.5
-14.2	67.3
-13.2	68
-12.3	68.8
-11.3	69.5
-10.3	70.2
-9.4	70.9
-8.4	71.6
-7.4	72.3
-6.4	73
-5.5	73.7
-4.5	74.4
-3.5	75.1
-2.5	75.8
-1.6	76.5
-0.6	77.2
0.4	77.9
1.4	78.6
2.4	79.3
3.3	80
4.3	80.7
5.3	81.4
6.3	82.1
7.2	82.8
8.2	83.5
9.2	84.2
10.2	84.9
11.1	85.6
12.1	86.3
13.1	87.1
14	87.8
15	88.5
15.9	89.3
16.9	90
17.8	90.8
18.8	91.6
19.7	92.4
20.6	93.2
21.6	94
22.5	94.8
23.4	95.6
24.3	96.4
25.2	97.3
26.2	98.2
27	99
27.9	99.9
28.8	100.9
29.7	101.8
30.6	102.7
31.4	103.7
32.3	104.7
33.1	105.7
33.9	106.7
34.8	107.8
35.6	108.8
36.4	109.9
37.2	111.1
37.9	112.2
38.7	113.4
39.4	114.6
40.2	115.8
40.9	117
41.6	118.3
42.3	119.6
42.9	121
43.6	122.3
44.2	123.7
44.8	125.2
45.4	126.6
46	128.1
46.5	129.6
47.1	131.2
47.6	132.8
48	134.4
48.5	136.1
48.9	137.7
49.3	139.5
49.7	141.2
50	143
50.3	144.7
50.6	146.6
50.8	148.4
51	150.2
51.2	152.1
51.4	154
51.5	155.9
51.6	157.8
51.6	159.7
51.6	161.6
51.6	163.5
51.6	165.4
51.5	167.3
51.4	169.2
51.2	171.1
51	173
50.8	174.8
50.5	176.6
50.3	178.5
50	-179.8
49.6	-178
49.2	-176.3
48.8	-174.6
48.4	-172.9
48	-171.2
47.5	-169.6
47	-168
46.5	-166.5
45.9	-165
45.3	-163.5
44.8	-162
44.1	-160.6
43.5	-159.2
42.9	-157.8
42.2	-156.5
41.5	-155.2
40.8	-153.9
40.1	-152.7
39.3	-151.5
38.6	-150.3
37.8	-149.1
37.1	-148
36.3	-146.8
35.5	-145.8
34.7	-144.7
33.8	-143.6
33	-142.6
32.2	-141.6
31.3	-140.6
30.5	-139.7
29.6	-138.7
28.7	-137.8
27.8	-136.9
27	-136
26.1	-135.1
25.2	-134.2
24.2	-133.4
23.3	-132.5
22.4	-131.7
21.5	-130.9
20.6	-130.1
19.6	-129.3
18.7	-128.5
17.7	-127.8
16.8	-127
15.8	-126.2
14.9	-125.5
13.9	-124.8
13	-124
12	-123.3
11	-122.6
10.1	-121.9
9.1	-121.1
8.1	-120.4
7.2	-119.7
6.2	-119
5.2	-118.3
4.2	-117.6
3.3	-116.9
2.3	-116.2
1.3	-115.6
0.3	-114.9
-0.7	-114.2
-1.6	-113.5
-2.6	-112.8
-3.6	-112.1
-4.6	-111.4
-5.5	-110.7
-6.5	-110
-7.5	-109.3
-8.5	-108.6
-9.4	-107.9
-10.4	-107.2
-11.4	-106.5
-12.3	-105.7
-13.3	-105
-14.3	-104.3
-15.2	-103.5
-16.2	-102.8
-17.1	-102
-18.1	-101.3
-19	-100.5
-19.9	-99.7
-20.9	-98.9
-21.8	-98.1
-22.7	-97.3
-23.6	-96.4
-24.6	-95.6
-25.5	-94.8
-26.4	-93.9
-27.3	-93
-28.1	-92.1
-29	-91.2
-29.9	-90.2
-30.8	-89.3
-31.6	-88.3
-32.5	-87.3
-33.3	-86.3
-34.1	-85.3
-34.9	-84.2
-35.8	-83.2
-36.5	-82.1
-37.3	-80.9
-38.1	-79.8
-38.9	-78.6
-39.6	-77.4
-40.3	-76.2
-41	-74.9
-41.7	-73.7
-42.4	-72.3
-43.1	-71
-43.7	-69.6
-44.4	-68.2
-45	-66.8
-45.5	-65.3
-46.1	-63.8
-46.6	-62.3
-47.2	-60.7
-47.7	-59.1
-48.1	-57.5
-48.6	-55.8
-49	-54.1
-49.4	-52.4
-49.7	-50.7
-50.1	-48.9
-50.4	-47.1
-50.6	-45.3
-50.9	-43.5
-51.1	-41.6
-51.3	-39.7
-51.4	-37.9
-51.5	-36
-51.6	-34.1
-51.6	-32.1
-51.6	-30.2
-51.6	-28.3
-51.5	-26.4
-51.4	-24.5
-51.3	-22.6
-51.2	-20.8
-51	-18.9
-50.7	-17
-50.5	-15.2
-50.2	-13.4
-49.9	-11.6
-49.5	-9.9
-49.2	-8.2
-48.8	-6.4
-48.3	-4.8
-47.9	-3.1
-47.4	-1.5
-46.9	0.1
-46.3	1.6
-45.8	3.1
-45.2	4.6
-44.6	6
-44	7.5
-43.4	8.9
-42.7	10.2
-42	11.5
-41.3	12.8
-40.6	14.1
-39.9	15.4
-39.2	16.6
-38.4	17.8
-37.7	18.9
-36.9	20
-36.1	21.2
-35.3	22.2
-34.5	23.3
-33.7	24.3
-32.8	25.4
-32	26.4
-31.1	27.3
-30.3	28.3
-29.4	29.2
-28.5	30.2
-27.6	31.1
-26.7	32
-25.8	32.8
-24.9	33.7
-24	34.6
-23.1	35.4
-22.2	36.2
-21.3	37
